# time CV1(C-O coord) CV2(N-O coord) CV3(H-C coord)
0.00000 0.39654 2.77418 0.15871
10.00000 0.34656 2.86988 0.12033
20.00000 0.32861 2.91601 0.11362
30.00000 0.30827 2.92813 0.14547
40.00000 0.30266 2.93134 0.18536
50.00000 0.29463 2.93069 0.20805
60.00000 0.28922 2.92922 0.25316
70.00000 0.29604 2.92603 0.25508
80.00000 0.28587 2.92634 0.21006
90.00000 0.26242 2.92691 0.16178
100.00000 0.23732 2.92740 0.13169
110.00000 0.21294 2.92957 0.11988
120.00000 0.20544 2.93190 0.11285
130.00000 0.19996 2.93291 0.10311
140.00000 0.18492 2.93517 0.09906
150.00000 0.17851 2.93629 0.10198
160.00000 0.18737 2.93520 0.10168
170.00000 0.19669 2.93329 0.10215
180.00000 0.18644 2.93485 0.10253
190.00000 0.17704 2.93547 0.10603
200.00000 0.18375 2.93475 0.10733
210.00000 0.18187 2.93736 0.10671
220.00000 0.17895 2.93526 0.10609
230.00000 0.19123 2.93583 0.10591
240.00000 0.19688 2.93641 0.09825
250.00000 0.19408 2.93371 0.10149
260.00000 0.18957 2.93182 0.10341
270.00000 0.18006 2.93467 0.10202
280.00000 0.17603 2.93589 0.10790
290.00000 0.18559 2.93636 0.09743
300.00000 0.18338 2.93603 0.09444
310.00000 0.18066 2.93355 0.10136
320.00000 0.18932 2.93319 0.11378
330.00000 0.18647 2.93435 0.10661
340.00000 0.19437 2.93478 0.10327
350.00000 0.19020 2.93556 0.10646
360.00000 0.18593 2.93801 0.09403
370.00000 0.17467 2.93603 0.10557
380.00000 0.16667 2.93374 0.09954
390.00000 0.17316 2.93426 0.10623
400.00000 0.18817 2.93440 0.10282
410.00000 0.19084 2.93738 0.10093
420.00000 0.18749 2.93627 0.10228
430.00000 0.19527 2.93210 0.10510
440.00000 0.18629 2.93158 0.11044
450.00000 0.17887 2.93799 0.10955
460.00000 0.18066 2.93489 0.09897
470.00000 0.17890 2.93549 0.08857
480.00000 0.19041 2.93882 0.10864
490.00000 0.18433 2.93370 0.10762
500.00000 0.17686 2.93050 0.09650
510.00000 0.18818 2.93232 0.10484
520.00000 0.19777 2.93702 0.10055
530.00000 0.19027 2.93559 0.10321
540.00000 0.18848 2.93491 0.10454
550.00000 0.17563 2.93748 0.10757
560.00000 0.17825 2.93362 0.11167
570.00000 0.18872 2.93203 0.09787
580.00000 0.18463 2.93701 0.10634
590.00000 0.18931 2.93714 0.09513
600.00000 0.19553 2.93138 0.10402
610.00000 0.18879 2.93337 0.10517
620.00000 0.17965 2.93698 0.10727
630.00000 0.17944 2.93415 0.09958
640.00000 0.18420 2.93529 0.09762
650.00000 0.17942 2.93777 0.11029
660.00000 0.18215 2.93395 0.10384
670.00000 0.18412 2.93176 0.10856
680.00000 0.19456 2.93524 0.10422
690.00000 0.18758 2.93688 0.10187
700.00000 0.18444 2.93428 0.09700
710.00000 0.18972 2.93454 0.10727
720.00000 0.18403 2.93570 0.10057
730.00000 0.17314 2.93648 0.11036
740.00000 0.16841 2.93364 0.10564
750.00000 0.16296 2.93878 0.09690
760.00000 0.17408 2.93901 0.10703
770.00000 0.18625 2.93107 0.10311
780.00000 0.18561 2.93238 0.11036
790.00000 0.18220 2.93663 0.10137
800.00000 0.19193 2.93321 0.10505
810.00000 0.19266 2.93357 0.09764
820.00000 0.19429 2.93765 0.10231
830.00000 0.18492 2.93406 0.10636
840.00000 0.17282 2.93202 0.10306
850.00000 0.17034 2.93801 0.10374
860.00000 0.18562 2.93544 0.10428
870.00000 0.20021 2.93467 0.10600
880.00000 0.18343 2.93433 0.10430
890.00000 0.18210 2.93268 0.10451
900.00000 0.18744 2.93093 0.11337
910.00000 0.18928 2.93582 0.10422
920.00000 0.17397 2.93562 0.09534
930.00000 0.17774 2.93157 0.09897
940.00000 0.18176 2.93009 0.09697
950.00000 0.19334 2.93107 0.10977
960.00000 0.19688 2.92863 0.09833
970.00000 0.18541 2.93384 0.09703
980.00000 0.17824 2.93332 0.09099
990.00000 0.18272 2.92793 0.10981
1000.00000 0.18589 2.93011 0.10452
1010.00000 0.18199 2.93256 0.10702
1020.00000 0.18524 2.92997 0.09946
1030.00000 0.19304 2.93254 0.10148
1040.00000 0.17948 2.93362 0.10192
1050.00000 0.18782 2.92722 0.10225
1060.00000 0.18347 2.92877 0.09919
1070.00000 0.18871 2.93531 0.10100
1080.00000 0.18410 2.93164 0.10457
1090.00000 0.17990 2.92938 0.09028
1100.00000 0.18427 2.93176 0.10569
1110.00000 0.19211 2.92947 0.10445
1120.00000 0.18623 2.92935 0.09616
1130.00000 0.18716 2.93418 0.08880
1140.00000 0.19180 2.93212 0.09836
1150.00000 0.19107 2.92789 0.09804
1160.00000 0.18573 2.93116 0.10891
1170.00000 0.17601 2.93115 0.09087
1180.00000 0.17554 2.93029 0.10447
1190.00000 0.18487 2.93424 0.10262
1200.00000 0.18966 2.93108 0.10464
1210.00000 0.18698 2.92864 0.09652
1220.00000 0.18821 2.93187 0.10755
1230.00000 0.17505 2.92990 0.10397
1240.00000 0.17806 2.93226 0.10454
1250.00000 0.18718 2.93321 0.10297
1260.00000 0.18426 2.93066 0.09587
1270.00000 0.18850 2.92727 0.11012
1280.00000 0.18738 2.93197 0.09098
1290.00000 0.17813 2.93191 0.10507
1300.00000 0.18977 2.93272 0.09196
1310.00000 0.18692 2.93195 0.10515
1320.00000 0.19023 2.92880 0.08979
1330.00000 0.18293 2.92933 0.11469
1340.00000 0.17757 2.93263 0.09771
1350.00000 0.18529 2.93242 0.10796
1360.00000 0.19016 2.93152 0.09597
1370.00000 0.18855 2.93068 0.10263
1380.00000 0.18340 2.92700 0.09787
1390.00000 0.18098 2.93029 0.10817
1400.00000 0.17641 2.93524 0.10241
1410.00000 0.18318 2.93192 0.10231
1420.00000 0.19486 2.92926 0.09217
1430.00000 0.18189 2.93056 0.10596
1440.00000 0.18100 2.93104 0.10453
1450.00000 0.18719 2.93085 0.10829
1460.00000 0.18591 2.93362 0.09745
1470.00000 0.19171 2.93205 0.09782
1480.00000 0.18928 2.92953 0.10242
1490.00000 0.17468 2.93127 0.10366
1500.00000 0.18145 2.92956 0.11023
1510.00000 0.18267 2.93347 0.09966
1520.00000 0.19333 2.93451 0.09692
1530.00000 0.18841 2.92793 0.09339
1540.00000 0.18137 2.92956 0.10838
1550.00000 0.18444 2.93296 0.10832
1560.00000 0.17834 2.93076 0.10606
1570.00000 0.18982 2.93305 0.09751
1580.00000 0.19265 2.93438 0.09564
1590.00000 0.18282 2.92587 0.10115
1600.00000 0.17774 2.92994 0.10639
1610.00000 0.18493 2.93427 0.10709
1620.00000 0.19156 2.93141 0.09797
1630.00000 0.19211 2.93361 0.09871
1640.00000 0.18578 2.93367 0.09447
1650.00000 0.18575 2.92494 0.10974
1660.00000 0.17827 2.93153 0.10848
1670.00000 0.18316 2.93558 0.10226
1680.00000 0.19146 2.93168 0.09403
1690.00000 0.19399 2.93220 0.09451
1700.00000 0.18300 2.93144 0.10161
1710.00000 0.17743 2.92695 0.10774
1720.00000 0.18419 2.93042 0.11123
1730.00000 0.18735 2.93695 0.09605
1740.00000 0.19434 2.93111 0.09907
1750.00000 0.18896 2.92960 0.09482
1760.00000 0.17719 2.93134 0.10875
1770.00000 0.18002 2.92776 0.11021
1780.00000 0.18709 2.93248 0.10021
1790.00000 0.18595 2.93537 0.08903
1800.00000 0.19620 2.93197 0.09192
1810.00000 0.18705 2.92822 0.10276
1820.00000 0.17732 2.93102 0.11075
1830.00000 0.18117 2.92934 0.10308
1840.00000 0.18626 2.93371 0.10000
1850.00000 0.19616 2.93406 0.10340
1860.00000 0.18910 2.92948 0.09750
1870.00000 0.18274 2.92897 0.10550
1880.00000 0.17880 2.93071 0.10501
1890.00000 0.17985 2.93218 0.10509
1900.00000 0.18545 2.93382 0.09631
1910.00000 0.19196 2.93175 0.09242
1920.00000 0.18698 2.92863 0.09786
1930.00000 0.18173 2.93047 0.11442
1940.00000 0.18487 2.93175 0.10437
1950.00000 0.18187 2.93380 0.10188
1960.00000 0.19443 2.93254 0.09797
1970.00000 0.19187 2.93101 0.10366
1980.00000 0.18130 2.92891 0.10012
1990.00000 0.17854 2.93007 0.10725
2000.00000 0.18184 2.93335 0.10138
2010.00000 0.18823 2.93294 0.09989
2020.00000 0.18947 2.93235 0.09067
2030.00000 0.18842 2.92953 0.09899
2040.00000 0.17910 2.92894 0.11080
2050.00000 0.18604 2.93134 0.10638
2060.00000 0.18611 2.93539 0.10135
2070.00000 0.19043 2.93179 0.09622
2080.00000 0.18970 2.93007 0.10066
2090.00000 0.17993 2.92936 0.10233
2100.00000 0.18016 2.92820 0.11154
2110.00000 0.18198 2.93427 0.09640
2120.00000 0.18897 2.93348 0.09569
2130.00000 0.19486 2.93098 0.08908
2140.00000 0.18471 2.92932 0.10140
2150.00000 0.17808 2.92859 0.11106
2160.00000 0.18516 2.93281 0.10639
2170.00000 0.18509 2.93527 0.09900
2180.00000 0.19320 2.93170 0.09775
2190.00000 0.19392 2.93010 0.10049
2200.00000 0.17734 2.92893 0.10431
2210.00000 0.17967 2.93016 0.11013
2220.00000 0.18160 2.93461 0.09915
2230.00000 0.19161 2.93263 0.09711
2240.00000 0.18948 2.93005 0.08792
2250.00000 0.18370 2.92890 0.10524
2260.00000 0.18136 2.93069 0.10878
2270.00000 0.18419 2.93256 0.10536
2280.00000 0.18680 2.93330 0.08984
2290.00000 0.19523 2.93336 0.10250
2300.00000 0.19132 2.93002 0.10042
2310.00000 0.17891 2.92865 0.10925
2320.00000 0.17997 2.93059 0.10635
2330.00000 0.18391 2.93462 0.09824
2340.00000 0.19431 2.93247 0.09820
2350.00000 0.18931 2.93118 0.09245
2360.00000 0.18429 2.93154 0.10254
2370.00000 0.17878 2.92854 0.10729
2380.00000 0.18194 2.93135 0.11274
2390.00000 0.18927 2.93457 0.09973
2400.00000 0.19197 2.93190 0.09681
2410.00000 0.18825 2.93048 0.09473
2420.00000 0.18156 2.92911 0.10747
2430.00000 0.18072 2.92972 0.10961
2440.00000 0.18519 2.93274 0.09822
2450.00000 0.19178 2.93295 0.09199
2460.00000 0.19128 2.93294 0.08968
2470.00000 0.18402 2.92828 0.10564
2480.00000 0.18150 2.92856 0.10534
2490.00000 0.18635 2.93179 0.10327
2500.00000 0.18614 2.93337 0.08832
2510.00000 0.18890 2.93204 0.09904
2520.00000 0.19342 2.93111 0.09337
2530.00000 0.17883 2.92768 0.10980
2540.00000 0.18158 2.93010 0.10337
2550.00000 0.18010 2.93501 0.10422
2560.00000 0.18995 2.93208 0.10181
2570.00000 0.19295 2.93000 0.09756
2580.00000 0.18174 2.93028 0.10265
2590.00000 0.18292 2.92874 0.10718
2600.00000 0.17810 2.93351 0.10483
2610.00000 0.18453 2.93435 0.09916
2620.00000 0.19176 2.92958 0.08952
2630.00000 0.18941 2.93092 0.09730
2640.00000 0.18151 2.92991 0.10721
2650.00000 0.18482 2.93105 0.10579
2660.00000 0.18760 2.93327 0.09790
2670.00000 0.18930 2.93361 0.09400
2680.00000 0.19071 2.93061 0.10260
2690.00000 0.18384 2.92893 0.10594
2700.00000 0.17875 2.93106 0.10718
2710.00000 0.18450 2.93130 0.10103
2720.00000 0.18788 2.93383 0.09920
2730.00000 0.18809 2.93291 0.09660
2740.00000 0.18905 2.92804 0.10353
2750.00000 0.17537 2.92763 0.10180
2760.00000 0.17539 2.93269 0.11529
2770.00000 0.18647 2.93352 0.09530
2780.00000 0.19580 2.93214 0.10279
2790.00000 0.18683 2.93212 0.09044
2800.00000 0.18098 2.92805 0.10675
2810.00000 0.18166 2.92852 0.11226
2820.00000 0.18205 2.93429 0.10259
2830.00000 0.18679 2.93352 0.09643
2840.00000 0.19719 2.93228 0.08752
2850.00000 0.18631 2.92947 0.09909
2860.00000 0.17998 2.92962 0.10979
2870.00000 0.18108 2.92992 0.10716
2880.00000 0.18531 2.93416 0.09724
2890.00000 0.19073 2.93402 0.10141
2900.00000 0.18817 2.92939 0.09869
2910.00000 0.18266 2.92802 0.10871
2920.00000 0.17583 2.93001 0.10744
2930.00000 0.18075 2.93372 0.10262
2940.00000 0.18688 2.93344 0.09560
2950.00000 0.19410 2.93107 0.09562
2960.00000 0.18858 2.93009 0.09565
2970.00000 0.17806 2.92939 0.11110
2980.00000 0.18703 2.93120 0.10810
2990.00000 0.18171 2.93580 0.10282
3000.00000 0.19378 2.93180 0.09659
3010.00000 0.19342 2.93036 0.10000
3020.00000 0.17855 2.92958 0.10372
3030.00000 0.18184 2.93050 0.10735
3040.00000 0.18236 2.93215 0.10249
3050.00000 0.18691 2.93295 0.09657
3060.00000 0.19020 2.93274 0.09438
3070.00000 0.18897 2.92921 0.09948
3080.00000 0.17806 2.92896 0.10999
3090.00000 0.18091 2.93263 0.10899
3100.00000 0.19055 2.93376 0.10183
3110.00000 0.19284 2.93134 0.09736
3120.00000 0.18862 2.93033 0.09341
3130.00000 0.18076 2.92895 0.10480
3140.00000 0.18263 2.92925 0.11129
3150.00000 0.18254 2.93298 0.09705
3160.00000 0.18818 2.93352 0.09308
3170.00000 0.19469 2.93000 0.08805
3180.00000 0.18473 2.92799 0.10427
3190.00000 0.18123 2.93001 0.10654
3200.00000 0.18653 2.93084 0.10292
3210.00000 0.18497 2.93326 0.08661
3220.00000 0.19210 2.93207 0.09874
3230.00000 0.19100 2.93065 0.09824
3240.00000 0.17911 2.92865 0.10764
3250.00000 0.18362 2.92952 0.10040
3260.00000 0.18303 2.93398 0.10746
3270.00000 0.19160 2.93312 0.09905
3280.00000 0.18774 2.92977 0.09724
3290.00000 0.18582 2.92857 0.10449
3300.00000 0.17988 2.93013 0.11049
3310.00000 0.17795 2.93400 0.10459
3320.00000 0.18895 2.93225 0.08969
3330.00000 0.19007 2.93121 0.09484
3340.00000 0.18804 2.93165 0.09876
3350.00000 0.18040 2.92866 0.10909
3360.00000 0.18087 2.93125 0.10533
3370.00000 0.18986 2.93501 0.10276
3380.00000 0.19069 2.93241 0.09857
3390.00000 0.19006 2.93059 0.09777
3400.00000 0.18387 2.92922 0.10392
3410.00000 0.17733 2.93003 0.10947
3420.00000 0.18289 2.93237 0.10400
3430.00000 0.18593 2.93480 0.09287
3440.00000 0.19182 2.93118 0.09167
3450.00000 0.18702 2.92864 0.10344
3460.00000 0.17562 2.93009 0.10002
3470.00000 0.18664 2.92847 0.11291
3480.00000 0.18565 2.93527 0.09509
3490.00000 0.19461 2.93468 0.10179
3500.00000 0.19290 2.92942 0.09578
3510.00000 0.17743 2.92810 0.10610
3520.00000 0.17846 2.92984 0.11288
3530.00000 0.18237 2.93391 0.10016
3540.00000 0.18762 2.93282 0.09361
3550.00000 0.19672 2.93293 0.09285
3560.00000 0.18907 2.93122 0.09633
3570.00000 0.17694 2.92707 0.10814
3580.00000 0.18128 2.93138 0.11237
3590.00000 0.18733 2.93495 0.10214
3600.00000 0.19311 2.93249 0.09830
3610.00000 0.19192 2.93083 0.09173
3620.00000 0.18518 2.92988 0.10494
3630.00000 0.17538 2.92983 0.10572
3640.00000 0.18816 2.93086 0.11065
3650.00000 0.18655 2.93409 0.08964
3660.00000 0.19328 2.93469 0.08888
3670.00000 0.18911 2.92683 0.10065
3680.00000 0.17952 2.93048 0.10962
3690.00000 0.18508 2.93077 0.10830
3700.00000 0.18186 2.93271 0.09270
3710.00000 0.19291 2.93272 0.10311
3720.00000 0.19303 2.93211 0.09749
3730.00000 0.17869 2.92832 0.10722
3740.00000 0.17593 2.92797 0.10640
3750.00000 0.18294 2.93379 0.10198
3760.00000 0.18991 2.93449 0.09897
3770.00000 0.19446 2.93142 0.09143
3780.00000 0.18935 2.93157 0.09264
3790.00000 0.18220 2.92820 0.10796
3800.00000 0.18063 2.93131 0.11014
3810.00000 0.18586 2.93383 0.10537
3820.00000 0.19386 2.93270 0.09643
3830.00000 0.18912 2.93234 0.09692
3840.00000 0.18344 2.92826 0.10042
3850.00000 0.17881 2.92895 0.10846
3860.00000 0.18594 2.93174 0.10507
3870.00000 0.18518 2.93435 0.09167
3880.00000 0.19113 2.93204 0.09254
3890.00000 0.19062 2.92859 0.09381
3900.00000 0.17768 2.93094 0.11312
3910.00000 0.18732 2.92816 0.10028
3920.00000 0.18648 2.93279 0.09697
3930.00000 0.18553 2.93635 0.09229
3940.00000 0.19895 2.92989 0.09962
3950.00000 0.18316 2.92841 0.10509
3960.00000 0.17704 2.93102 0.10853
3970.00000 0.18159 2.92999 0.10637
3980.00000 0.18664 2.93314 0.10410
3990.00000 0.19054 2.93414 0.09138
4000.00000 0.18829 2.93001 0.09609
4010.00000 0.18183 2.92509 0.10337
4020.00000 0.17584 2.93309 0.11706
4030.00000 0.17867 2.93468 0.09834
4040.00000 0.18871 2.93073 0.09736
4050.00000 0.19239 2.93376 0.09742
4060.00000 0.18760 2.93034 0.10338
4070.00000 0.18039 2.92765 0.10855
4080.00000 0.18152 2.93117 0.10366
4090.00000 0.18711 2.93717 0.09834
4100.00000 0.18943 2.93132 0.09395
4110.00000 0.19190 2.92921 0.09909
4120.00000 0.17755 2.93081 0.10856
4130.00000 0.17971 2.92912 0.10973
4140.00000 0.18765 2.93142 0.10030
4150.00000 0.18704 2.93449 0.10015
4160.00000 0.18918 2.93118 0.09265
4170.00000 0.18607 2.92831 0.10624
4180.00000 0.17841 2.92925 0.10787
4190.00000 0.17981 2.93137 0.10214
4200.00000 0.18470 2.93532 0.09735
4210.00000 0.19642 2.93211 0.09153
4220.00000 0.19038 2.92952 0.09819
4230.00000 0.18029 2.92951 0.10581
4240.00000 0.18135 2.92964 0.10964
4250.00000 0.18688 2.93338 0.10106
4260.00000 0.19157 2.93333 0.09964
4270.00000 0.19192 2.93299 0.09689
4280.00000 0.18465 2.92824 0.10102
4290.00000 0.17686 2.92814 0.11098
4300.00000 0.17880 2.93230 0.11055
4310.00000 0.18598 2.93448 0.09648
4320.00000 0.19140 2.93126 0.09223
4330.00000 0.19074 2.93135 0.09537
4340.00000 0.18077 2.92964 0.11023
4350.00000 0.17963 2.92829 0.10926
4360.00000 0.18849 2.93400 0.10095
4370.00000 0.19176 2.93377 0.10035
4380.00000 0.19270 2.93213 0.09154
4390.00000 0.18552 2.93035 0.10413
4400.00000 0.18045 2.92872 0.10478
4410.00000 0.18294 2.92927 0.10527
4420.00000 0.18271 2.93664 0.09668
4430.00000 0.19246 2.93214 0.09593
4440.00000 0.18908 2.92912 0.10162
4450.00000 0.18138 2.93038 0.10638
4460.00000 0.17876 2.92983 0.11124
4470.00000 0.18264 2.93055 0.09903
4480.00000 0.19048 2.93523 0.10155
4490.00000 0.19174 2.93262 0.09134
4500.00000 0.18649 2.92834 0.09255
4510.00000 0.18039 2.92878 0.10962
4520.00000 0.18286 2.93158 0.11033
4530.00000 0.18870 2.93597 0.09993
4540.00000 0.19138 2.93238 0.09144
4550.00000 0.19094 2.93016 0.09810
4560.00000 0.18218 2.92984 0.11070
4570.00000 0.17799 2.92893 0.10620
4580.00000 0.18145 2.93155 0.09974
4590.00000 0.18535 2.93520 0.09737
4600.00000 0.19286 2.93296 0.09599
4610.00000 0.18863 2.92825 0.10233
4620.00000 0.17665 2.92844 0.10614
4630.00000 0.18177 2.93110 0.11329
4640.00000 0.18659 2.93441 0.09643
4650.00000 0.19156 2.93315 0.09866
4660.00000 0.19406 2.93138 0.09535
4670.00000 0.18165 2.92868 0.10285
4680.00000 0.17808 2.92903 0.11319
4690.00000 0.18403 2.93218 0.10251
4700.00000 0.18674 2.93480 0.09857
4710.00000 0.19148 2.93345 0.08988
4720.00000 0.19058 2.92820 0.10402
4730.00000 0.17911 2.92865 0.11012
4740.00000 0.17893 2.93138 0.10638
4750.00000 0.18268 2.93492 0.10059
4760.00000 0.19260 2.93154 0.09764
4770.00000 0.19198 2.93159 0.09882
4780.00000 0.18591 2.93160 0.10198
4790.00000 0.17651 2.92737 0.10624
4800.00000 0.18203 2.93053 0.11101
4810.00000 0.18717 2.93674 0.09461
4820.00000 0.19438 2.93117 0.09672
4830.00000 0.18887 2.92904 0.09227
4840.00000 0.17659 2.93156 0.11362
4850.00000 0.18332 2.92896 0.11215
4860.00000 0.18784 2.93190 0.09876
4870.00000 0.18827 2.93481 0.09445
4880.00000 0.19321 2.93310 0.09103
4890.00000 0.18533 2.92820 0.10928
4900.00000 0.17816 2.92821 0.10552
4910.00000 0.18357 2.93226 0.10618
4920.00000 0.18415 2.93411 0.09536
4930.00000 0.19263 2.93246 0.09724
4940.00000 0.19051 2.93045 0.10038
4950.00000 0.17961 2.92854 0.10677
4960.00000 0.17526 2.92995 0.11290
4970.00000 0.18317 2.93390 0.09863
4980.00000 0.19127 2.93386 0.10071
4990.00000 0.19308 2.93188 0.08951
5000.00000 0.18377 2.92828 0.10078
5010.00000 0.17806 2.92950 0.11229
5020.00000 0.18528 2.93249 0.11288
5030.00000 0.18403 2.93437 0.09430
5040.00000 0.19457 2.93247 0.09392
5050.00000 0.19083 2.93060 0.09685
5060.00000 0.18036 2.92885 0.11351
5070.00000 0.17731 2.92892 0.10231
5080.00000 0.18262 2.93476 0.10020
5090.00000 0.18806 2.93328 0.09830
5100.00000 0.19399 2.93137 0.09692
5110.00000 0.18770 2.93040 0.10412
5120.00000 0.17679 2.92921 0.10490
5130.00000 0.17988 2.93132 0.11321
5140.00000 0.18809 2.93433 0.09724
5150.00000 0.19376 2.93237 0.09804
5160.00000 0.18779 2.92949 0.08964
5170.00000 0.18169 2.92897 0.10994
5180.00000 0.18086 2.92971 0.10909
5190.00000 0.18440 2.93356 0.10172
5200.00000 0.18664 2.93319 0.09559
5210.00000 0.19371 2.93311 0.09441
5220.00000 0.18470 2.92928 0.10332
5230.00000 0.17934 2.92793 0.10953
5240.00000 0.18207 2.93133 0.10704
5250.00000 0.18335 2.93462 0.09512
5260.00000 0.19221 2.93275 0.09987
5270.00000 0.19465 2.93196 0.09738
5280.00000 0.18102 2.92833 0.10464
5290.00000 0.17581 2.92964 0.10819
5300.00000 0.18515 2.93319 0.10809
5310.00000 0.18818 2.93407 0.09771
5320.00000 0.19155 2.93178 0.09250
5330.00000 0.18814 2.93009 0.09657
5340.00000 0.17866 2.92824 0.11320
5350.00000 0.18194 2.93058 0.11155
5360.00000 0.18243 2.93619 0.09598
5370.00000 0.19197 2.93225 0.09426
5380.00000 0.19210 2.93004 0.09897
5390.00000 0.18139 2.93116 0.11020
5400.00000 0.17836 2.92809 0.10454
5410.00000 0.18289 2.93154 0.10130
5420.00000 0.18667 2.93503 0.09677
5430.00000 0.19607 2.93257 0.09910
5440.00000 0.19226 2.93050 0.09782
5450.00000 0.18198 2.93002 0.10557
5460.00000 0.17541 2.93149 0.10994
5470.00000 0.18352 2.93187 0.10963
5480.00000 0.19135 2.93033 0.09870
5490.00000 0.19254 2.93254 0.08961
5500.00000 0.18168 2.93201 0.09403
5510.00000 0.18336 2.92795 0.10648
5520.00000 0.18415 2.92978 0.11077
5530.00000 0.18847 2.93279 0.09795
5540.00000 0.19621 2.93079 0.08448
5550.00000 0.19088 2.93160 0.08376
5560.00000 0.19118 2.93102 0.11380
5570.00000 0.18143 2.92799 0.10414
5580.00000 0.17942 2.93038 0.09221
5590.00000 0.18233 2.93262 0.09052
5600.00000 0.18909 2.93299 0.10674
5610.00000 0.18944 2.93094 0.10558
5620.00000 0.18397 2.92823 0.10218
5630.00000 0.17638 2.93233 0.10975
5640.00000 0.18213 2.93219 0.10054
5650.00000 0.18958 2.92933 0.10180
5660.00000 0.19083 2.93212 0.09354
5670.00000 0.18677 2.93040 0.09727
5680.00000 0.18172 2.93055 0.10106
5690.00000 0.18494 2.93330 0.10434
5700.00000 0.18261 2.93032 0.09920
5710.00000 0.18446 2.92844 0.09758
5720.00000 0.19649 2.93118 0.08887
5730.00000 0.19012 2.93111 0.10802
5740.00000 0.18779 2.93180 0.09049
5750.00000 0.18809 2.93099 0.09951
5760.00000 0.18101 2.92992 0.09030
5770.00000 0.18393 2.92951 0.11389
5780.00000 0.18357 2.92917 0.09882
5790.00000 0.18855 2.93246 0.09612
5800.00000 0.19062 2.93345 0.08914
5810.00000 0.18769 2.93233 0.10344
5820.00000 0.18319 2.92646 0.10351
5830.00000 0.17950 2.93259 0.10473
5840.00000 0.18190 2.93177 0.10928
5850.00000 0.18643 2.92998 0.09630
5860.00000 0.18780 2.93392 0.10482
5870.00000 0.18691 2.93048 0.09404
5880.00000 0.17599 2.92694 0.10933
5890.00000 0.18166 2.93171 0.08830
5900.00000 0.18446 2.93438 0.11112
5910.00000 0.18658 2.92976 0.09598
5920.00000 0.19250 2.93114 0.10466
5930.00000 0.18082 2.93212 0.10011
5940.00000 0.17920 2.92966 0.10504
5950.00000 0.18839 2.93000 0.10690
5960.00000 0.18550 2.93419 0.09930
5970.00000 0.19377 2.93256 0.09670
5980.00000 0.19253 2.92979 0.09121
5990.00000 0.17881 2.92955 0.10484
6000.00000 0.18110 2.93316 0.10872
6010.00000 0.18371 2.93164 0.10733
6020.00000 0.19413 2.93034 0.09748
6030.00000 0.18577 2.93301 0.10138
6040.00000 0.18294 2.92992 0.09835
6050.00000 0.18242 2.92728 0.10883
6060.00000 0.18012 2.93281 0.09882
6070.00000 0.18681 2.93546 0.10501
6080.00000 0.19286 2.92972 0.08756
6090.00000 0.18751 2.92952 0.10165
6100.00000 0.18068 2.93131 0.10445
6110.00000 0.18429 2.93048 0.11979
6120.00000 0.18486 2.93322 0.09144
6130.00000 0.19249 2.93450 0.10085
6140.00000 0.19421 2.93133 0.09650
6150.00000 0.18467 2.92861 0.10058
6160.00000 0.17973 2.92821 0.10579
6170.00000 0.18182 2.93359 0.10744
6180.00000 0.18415 2.93603 0.10044
6190.00000 0.19570 2.92944 0.09080
6200.00000 0.18559 2.92818 0.10361
6210.00000 0.17618 2.93125 0.10881
6220.00000 0.18262 2.92780 0.11274
6230.00000 0.18249 2.93380 0.09342
6240.00000 0.19266 2.93674 0.09960
6250.00000 0.19555 2.92933 0.08924
6260.00000 0.18448 2.92651 0.10662
6270.00000 0.17566 2.93252 0.10809
6280.00000 0.18284 2.93276 0.10804
6290.00000 0.19059 2.93039 0.09025
6300.00000 0.19475 2.93553 0.09695
6310.00000 0.19330 2.93028 0.09952
6320.00000 0.17986 2.92670 0.10842
6330.00000 0.17727 2.93115 0.10561
6340.00000 0.18102 2.93427 0.10221
6350.00000 0.18840 2.93194 0.09886
6360.00000 0.19212 2.93158 0.09554
6370.00000 0.18726 2.92983 0.10579
6380.00000 0.17625 2.92933 0.10820
6390.00000 0.18045 2.93012 0.10606
6400.00000 0.18791 2.93505 0.10008
6410.00000 0.19099 2.93269 0.09585
6420.00000 0.18850 2.93013 0.09599
6430.00000 0.18241 2.92751 0.10619
6440.00000 0.18080 2.93209 0.11341
6450.00000 0.18198 2.93473 0.10106
6460.00000 0.18986 2.93087 0.09633
6470.00000 0.19218 2.93221 0.09618
6480.00000 0.18569 2.93134 0.10346
6490.00000 0.17902 2.92628 0.10936
6500.00000 0.18086 2.93040 0.10643
6510.00000 0.18428 2.93817 0.09782
6520.00000 0.19006 2.93117 0.09590
6530.00000 0.18922 2.92748 0.09623
6540.00000 0.18029 2.93107 0.11030
6550.00000 0.18212 2.92989 0.11226
6560.00000 0.18594 2.93092 0.10157
6570.00000 0.18781 2.93549 0.09667
6580.00000 0.19460 2.93306 0.09140
6590.00000 0.18601 2.92590 0.10435
6600.00000 0.17573 2.93003 0.11010
6610.00000 0.18160 2.93301 0.10885
6620.00000 0.18146 2.93257 0.09216
6630.00000 0.19385 2.93313 0.09987
6640.00000 0.19030 2.93162 0.09690
6650.00000 0.17801 2.92641 0.11076
6660.00000 0.17974 2.92943 0.10729
6670.00000 0.18198 2.93555 0.10279
6680.00000 0.19034 2.93196 0.09577
6690.00000 0.19704 2.93147 0.09446
6700.00000 0.18531 2.93105 0.10001
6710.00000 0.17543 2.92822 0.11101
6720.00000 0.18162 2.93001 0.10999
6730.00000 0.18819 2.93619 0.10002
6740.00000 0.19270 2.93213 0.09455
6750.00000 0.18961 2.92898 0.09440
6760.00000 0.18152 2.92958 0.10869
6770.00000 0.17795 2.92919 0.10624
6780.00000 0.18519 2.93345 0.10226
6790.00000 0.18738 2.93439 0.09532
6800.00000 0.19177 2.93253 0.09545
6810.00000 0.18742 2.92885 0.10433
6820.00000 0.17416 2.92935 0.11001
6830.00000 0.18281 2.93005 0.10756
6840.00000 0.19049 2.93475 0.09541
6850.00000 0.19305 2.93247 0.09816
6860.00000 0.19137 2.93140 0.09343
6870.00000 0.18283 2.92900 0.10476
6880.00000 0.17572 2.92951 0.11114
6890.00000 0.18501 2.93242 0.10435
6900.00000 0.18857 2.93490 0.09969
6910.00000 0.19261 2.93190 0.09084
6920.00000 0.18463 2.92835 0.10105
6930.00000 0.17808 2.92910 0.11076
6940.00000 0.18242 2.92869 0.11029
6950.00000 0.18565 2.93521 0.09275
6960.00000 0.19225 2.93329 0.09804
6970.00000 0.19204 2.93041 0.09536
6980.00000 0.18117 2.92867 0.10858
6990.00000 0.17702 2.93018 0.10719
7000.00000 0.18410 2.93221 0.10462
7010.00000 0.18732 2.93302 0.09678
7020.00000 0.19568 2.93236 0.09543
7030.00000 0.18916 2.92979 0.09769
7040.00000 0.17744 2.92735 0.11044
7050.00000 0.18074 2.93087 0.10807
7060.00000 0.18266 2.93650 0.09733
7070.00000 0.19331 2.93093 0.09827
7080.00000 0.19215 2.92962 0.09732
7090.00000 0.18276 2.93164 0.10394
7100.00000 0.17935 2.92871 0.10867
7110.00000 0.18338 2.92971 0.10674
7120.00000 0.18778 2.93532 0.09596
7130.00000 0.19298 2.93407 0.09381
7140.00000 0.18822 2.92611 0.09697
7150.00000 0.18019 2.92919 0.11102
7160.00000 0.18046 2.93405 0.10859
7170.00000 0.18388 2.93245 0.09987
7180.00000 0.19045 2.93113 0.09660
7190.00000 0.19139 2.93374 0.09820
7200.00000 0.18476 2.92904 0.10376
7210.00000 0.17743 2.92659 0.10788
7220.00000 0.18565 2.93321 0.10333
7230.00000 0.18532 2.93622 0.09950
7240.00000 0.19058 2.93174 0.09268
7250.00000 0.18982 2.92910 0.10114
7260.00000 0.17690 2.92925 0.11094
7270.00000 0.18189 2.93060 0.11353
7280.00000 0.18500 2.93376 0.09632
7290.00000 0.19161 2.93238 0.09597
7300.00000 0.19357 2.93276 0.09473
7310.00000 0.18433 2.92917 0.10300
7320.00000 0.17748 2.92717 0.11038
7330.00000 0.18291 2.93256 0.10464
7340.00000 0.18550 2.93646 0.09999
7350.00000 0.19410 2.93126 0.09219
7360.00000 0.18880 2.92917 0.09914
7370.00000 0.17772 2.92996 0.11091
7380.00000 0.18081 2.92929 0.11085
7390.00000 0.18453 2.93320 0.09802
7400.00000 0.19030 2.93439 0.09713
7410.00000 0.19356 2.93178 0.09267
7420.00000 0.18338 2.92761 0.10769
7430.00000 0.17509 2.92958 0.10893
7440.00000 0.18332 2.93269 0.10737
7450.00000 0.18802 2.93436 0.09533
7460.00000 0.19435 2.93235 0.09591
7470.00000 0.19032 2.93100 0.09626
7480.00000 0.18086 2.92822 0.10799
7490.00000 0.17843 2.92931 0.11146
7500.00000 0.18349 2.93435 0.09802
7510.00000 0.19184 2.93339 0.09900
7520.00000 0.19235 2.93201 0.09104
7530.00000 0.18310 2.92932 0.10571
7540.00000 0.17685 2.92943 0.10955
7550.00000 0.18381 2.93046 0.11035
7560.00000 0.18816 2.93501 0.09384
7570.00000 0.19392 2.93337 0.09680
7580.00000 0.18973 2.93005 0.09562
7590.00000 0.18027 2.92804 0.11075
7600.00000 0.17652 2.92983 0.10760
7610.00000 0.18703 2.93429 0.10076
7620.00000 0.19063 2.93321 0.09572
7630.00000 0.19222 2.93285 0.09288
7640.00000 0.18896 2.93103 0.10339
7650.00000 0.17790 2.92713 0.10725
7660.00000 0.18124 2.93035 0.11226
7670.00000 0.18710 2.93560 0.09442
7680.00000 0.19354 2.93263 0.09901
7690.00000 0.18810 2.93028 0.09207
7700.00000 0.17919 2.92924 0.11199
7710.00000 0.17733 2.92890 0.10828
7720.00000 0.18639 2.93244 0.10529
7730.00000 0.18706 2.93396 0.09135
7740.00000 0.19584 2.93333 0.09281
7750.00000 0.18918 2.92973 0.09972
7760.00000 0.17904 2.92819 0.11060
7770.00000 0.18115 2.92985 0.10793
7780.00000 0.18290 2.93570 0.09683
7790.00000 0.19235 2.93215 0.09984
7800.00000 0.19363 2.93035 0.09639
7810.00000 0.18169 2.92975 0.10344
7820.00000 0.17820 2.92947 0.10697
7830.00000 0.18064 2.93142 0.10548
7840.00000 0.18634 2.93425 0.09827
7850.00000 0.19343 2.93242 0.09338
7860.00000 0.18728 2.92894 0.09713
7870.00000 0.18050 2.92872 0.11180
7880.00000 0.18294 2.93112 0.10917
7890.00000 0.18208 2.93537 0.09970
7900.00000 0.19200 2.93164 0.09575
7910.00000 0.19323 2.93137 0.09808
7920.00000 0.18417 2.93010 0.10250
7930.00000 0.17898 2.92836 0.10762
7940.00000 0.18467 2.93079 0.10339
7950.00000 0.18380 2.93619 0.09909
7960.00000 0.19010 2.93339 0.09573
7970.00000 0.19138 2.92884 0.10177
7980.00000 0.17742 2.92834 0.10847
7990.00000 0.17778 2.93368 0.11277
8000.00000 0.18762 2.93096 0.09955
8010.00000 0.19244 2.93186 0.10022
8020.00000 0.19074 2.93440 0.08799
8030.00000 0.18420 2.92810 0.10229
8040.00000 0.17886 2.92619 0.10940
8050.00000 0.18629 2.93361 0.10759
8060.00000 0.18386 2.93627 0.09607
8070.00000 0.19459 2.93165 0.08983
8080.00000 0.19066 2.92964 0.10042
8090.00000 0.17900 2.93027 0.11193
8100.00000 0.17845 2.92861 0.11073
8110.00000 0.18158 2.93221 0.09574
8120.00000 0.18622 2.93479 0.10018
8130.00000 0.19663 2.93266 0.09376
8140.00000 0.18596 2.92728 0.10183
8150.00000 0.17648 2.92974 0.10838
8160.00000 0.17957 2.93345 0.11085
8170.00000 0.18569 2.93338 0.10028
8180.00000 0.19296 2.93106 0.09454
8190.00000 0.19095 2.93088 0.09350
8200.00000 0.17938 2.92810 0.10965
8210.00000 0.18190 2.92959 0.10730
8220.00000 0.18273 2.93616 0.10022
8230.00000 0.18895 2.93220 0.09732
8240.00000 0.19328 2.93138 0.09555
8250.00000 0.18416 2.92952 0.10510
8260.00000 0.17883 2.92963 0.10951
8270.00000 0.18089 2.93077 0.10682
8280.00000 0.18496 2.93483 0.09401
8290.00000 0.19189 2.93274 0.09805
8300.00000 0.19197 2.93024 0.09782
8310.00000 0.18075 2.92894 0.10651
8320.00000 0.17746 2.93087 0.11017
8330.00000 0.18742 2.93174 0.10430
8340.00000 0.18975 2.93425 0.09892
8350.00000 0.18880 2.93191 0.09154
8360.00000 0.18562 2.92832 0.10290
8370.00000 0.17823 2.92930 0.10939
8380.00000 0.18535 2.93086 0.10720
8390.00000 0.18542 2.93513 0.09450
8400.00000 0.19205 2.93374 0.09225
8410.00000 0.18991 2.93004 0.09846
8420.00000 0.18001 2.92880 0.11177
8430.00000 0.17795 2.92859 0.10848
8440.00000 0.18439 2.93380 0.09808
8450.00000 0.18864 2.93301 0.09945
8460.00000 0.19540 2.93198 0.09586
8470.00000 0.18680 2.93036 0.09819
8480.00000 0.17772 2.92742 0.10937
8490.00000 0.18134 2.93081 0.11250
8500.00000 0.18440 2.93736 0.09732
8510.00000 0.19179 2.93198 0.09522
8520.00000 0.19119 2.92861 0.09333
8530.00000 0.17904 2.93003 0.11139
8540.00000 0.17935 2.93010 0.10946
8550.00000 0.18575 2.93158 0.10506
8560.00000 0.18862 2.93361 0.09340
8570.00000 0.19457 2.93438 0.09512
8580.00000 0.18773 2.92794 0.10112
8590.00000 0.17796 2.92845 0.11177
8600.00000 0.17918 2.93083 0.10583
8610.00000 0.18306 2.93548 0.09806
8620.00000 0.19326 2.93191 0.09791
8630.00000 0.19385 2.93135 0.09800
8640.00000 0.18351 2.93029 0.10307
8650.00000 0.17875 2.92885 0.10899
8660.00000 0.18255 2.93100 0.10829
8670.00000 0.18881 2.93547 0.09694
8680.00000 0.19270 2.93289 0.09467
8690.00000 0.18636 2.92887 0.09396
8700.00000 0.17891 2.92875 0.11165
8710.00000 0.18102 2.93149 0.11156
8720.00000 0.18547 2.93362 0.10264
8730.00000 0.19020 2.93190 0.08934
8740.00000 0.19292 2.93313 0.09662
8750.00000 0.18501 2.92944 0.10706
8760.00000 0.17909 2.92688 0.10860
8770.00000 0.17932 2.93326 0.10010
8780.00000 0.18298 2.93564 0.09904
8790.00000 0.19488 2.93033 0.09859
8800.00000 0.18981 2.93000 0.09828
8810.00000 0.17905 2.92978 0.10886
8820.00000 0.17873 2.92890 0.11111
8830.00000 0.18183 2.93421 0.09917
8840.00000 0.19000 2.93326 0.09833
8850.00000 0.19376 2.92910 0.09103
8860.00000 0.18331 2.92926 0.10224
8870.00000 0.17950 2.93126 0.11146
8880.00000 0.18400 2.93197 0.10727
8890.00000 0.18264 2.93309 0.10200
8900.00000 0.19168 2.93301 0.08900
8910.00000 0.19011 2.92875 0.10285
8920.00000 0.18261 2.92861 0.10674
8930.00000 0.17795 2.93136 0.10553
8940.00000 0.18184 2.93450 0.09646
8950.00000 0.18867 2.93267 0.10135
8960.00000 0.19156 2.93208 0.10044
8970.00000 0.18565 2.93000 0.10219
8980.00000 0.17724 2.92900 0.10617
8990.00000 0.18342 2.93177 0.11113
9000.00000 0.18933 2.93307 0.09678
9010.00000 0.19086 2.93155 0.09788
9020.00000 0.18745 2.93039 0.08999
9030.00000 0.17979 2.92909 0.11051
9040.00000 0.18327 2.92974 0.11075
9050.00000 0.18618 2.93347 0.10067
9060.00000 0.18602 2.93316 0.09227
9070.00000 0.19398 2.93170 0.08991
9080.00000 0.18637 2.92941 0.10804
9090.00000 0.18024 2.92899 0.10167
9100.00000 0.18229 2.93086 0.10885
9110.00000 0.18572 2.93309 0.09176
9120.00000 0.19276 2.93296 0.10392
9130.00000 0.18866 2.92996 0.09913
9140.00000 0.17606 2.92681 0.11005
9150.00000 0.17767 2.93060 0.10694
9160.00000 0.18114 2.93553 0.10106
9170.00000 0.18875 2.93160 0.09623
9180.00000 0.19531 2.93013 0.09324
9190.00000 0.18837 2.93092 0.09752
9200.00000 0.17831 2.92850 0.11481
9210.00000 0.18145 2.93088 0.10804
9220.00000 0.18784 2.93576 0.10115
9230.00000 0.19210 2.93142 0.09249
9240.00000 0.18824 2.92859 0.09656
9250.00000 0.18338 2.93056 0.10795
9260.00000 0.17822 2.93107 0.10414
9270.00000 0.18270 2.93239 0.10475
9280.00000 0.18889 2.93192 0.09295
9290.00000 0.19039 2.93324 0.09731
9300.00000 0.18821 2.92907 0.10411
9310.00000 0.17904 2.92838 0.10898
9320.00000 0.18138 2.93218 0.10535
9330.00000 0.18695 2.93494 0.09655
9340.00000 0.19375 2.93034 0.10096
9350.00000 0.18720 2.93052 0.09538
9360.00000 0.18231 2.93054 0.10307
9370.00000 0.18160 2.92812 0.11006
9380.00000 0.18728 2.93325 0.10213
9390.00000 0.18743 2.93492 0.09717
9400.00000 0.18967 2.93072 0.09084
9410.00000 0.18630 2.92840 0.10757
9420.00000 0.18020 2.93025 0.11027
9430.00000 0.18170 2.93254 0.10643
9440.00000 0.18195 2.93325 0.09491
9450.00000 0.19330 2.93271 0.09565
9460.00000 0.18740 2.92985 0.10139
9470.00000 0.17896 2.92765 0.10540
9480.00000 0.18090 2.92981 0.11039
9490.00000 0.18522 2.93570 0.09898
9500.00000 0.18809 2.93339 0.09823
9510.00000 0.19526 2.93086 0.09737
9520.00000 0.18540 2.93016 0.09981
9530.00000 0.17415 2.92886 0.11470
9540.00000 0.18450 2.93115 0.10954
9550.00000 0.18651 2.93513 0.09302
9560.00000 0.19370 2.93293 0.09274
9570.00000 0.18920 2.92893 0.09711
9580.00000 0.17961 2.92908 0.11223
9590.00000 0.17881 2.92972 0.10677
9600.00000 0.18377 2.93443 0.10502
9610.00000 0.18979 2.93271 0.09550
9620.00000 0.19348 2.93265 0.09417
9630.00000 0.18593 2.92962 0.10417
9640.00000 0.17553 2.92806 0.10977
9650.00000 0.18248 2.93063 0.10739
9660.00000 0.18848 2.93564 0.09432
9670.00000 0.19292 2.93296 0.09657
9680.00000 0.19193 2.92984 0.09686
9690.00000 0.18211 2.92866 0.10642
9700.00000 0.17579 2.93149 0.11087
9710.00000 0.18387 2.93265 0.10650
9720.00000 0.19043 2.93299 0.09554
9730.00000 0.19165 2.93268 0.09210
9740.00000 0.18599 2.92933 0.09921
9750.00000 0.17704 2.92769 0.11371
9760.00000 0.18258 2.93083 0.10706
9770.00000 0.18481 2.93694 0.09749
9780.00000 0.19371 2.93195 0.09435
9790.00000 0.19185 2.93018 0.09686
9800.00000 0.18165 2.92985 0.10984
9810.00000 0.17929 2.92941 0.10690
9820.00000 0.18246 2.93195 0.10244
9830.00000 0.18804 2.93414 0.09457
9840.00000 0.19475 2.93268 0.09556
9850.00000 0.18635 2.92884 0.09864
9860.00000 0.17550 2.92766 0.10989
9870.00000 0.18241 2.93250 0.11278
9880.00000 0.18548 2.93597 0.09914
9890.00000 0.19394 2.93054 0.09596
9900.00000 0.19294 2.93000 0.09372
9910.00000 0.18222 2.93008 0.10747
9920.00000 0.17903 2.92835 0.11075
9930.00000 0.18275 2.93320 0.10065
9940.00000 0.18646 2.93540 0.09556
9950.00000 0.19296 2.93289 0.09448
9960.00000 0.18584 2.92774 0.10208
9970.00000 0.17555 2.92967 0.11252
9980.00000 0.18317 2.93070 0.11041
9990.00000 0.18499 2.93526 0.09836
10000.00000 0.19478 2.93243 0.09480
10010.00000 0.19515 2.93111 0.09627
10020.00000 0.18223 2.93016 0.10366
10030.00000 0.17546 2.92852 0.10953
10040.00000 0.18599 2.93101 0.10724
10050.00000 0.18746 2.93678 0.09804
10060.00000 0.19135 2.93298 0.09436
10070.00000 0.18763 2.92737 0.09840
10080.00000 0.17639 2.92966 0.11266
10090.00000 0.18328 2.93021 0.11112
10100.00000 0.18636 2.93287 0.09457
10110.00000 0.19342 2.93432 0.09296
10120.00000 0.19323 2.93322 0.09435
10130.00000 0.18456 2.92778 0.10862
10140.00000 0.17480 2.92844 0.10838
10150.00000 0.18254 2.93310 0.10381
10160.00000 0.18681 2.93320 0.09948
10170.00000 0.19535 2.93220 0.09388
10180.00000 0.19133 2.93141 0.09555
10190.00000 0.18162 2.92746 0.10516
10200.00000 0.17883 2.93067 0.11771
10210.00000 0.18085 2.93486 0.09690
10220.00000 0.18805 2.93249 0.09927
10230.00000 0.19413 2.93059 0.09153
10240.00000 0.18209 2.92965 0.10655
10250.00000 0.17674 2.92968 0.10786
10260.00000 0.18535 2.93097 0.11136
10270.00000 0.18508 2.93417 0.09387
10280.00000 0.19420 2.93347 0.09575
10290.00000 0.18952 2.92885 0.09678
10300.00000 0.18193 2.92897 0.11048
10310.00000 0.17788 2.93067 0.10969
10320.00000 0.18178 2.93423 0.09907
10330.00000 0.18807 2.93248 0.09725
10340.00000 0.19359 2.93211 0.09482
10350.00000 0.18467 2.92934 0.10554
10360.00000 0.17694 2.92848 0.10646
10370.00000 0.18328 2.93131 0.11190
10380.00000 0.18822 2.93519 0.09374
10390.00000 0.19244 2.93263 0.09867
10400.00000 0.18791 2.92890 0.09373
10410.00000 0.17953 2.92867 0.11112
10420.00000 0.17804 2.93109 0.10926
10430.00000 0.18625 2.93397 0.10379
10440.00000 0.19052 2.93185 0.09052
10450.00000 0.19311 2.93353 0.09297
10460.00000 0.18738 2.92884 0.10463
10470.00000 0.17742 2.92680 0.11085
10480.00000 0.18130 2.93232 0.10414
10490.00000 0.18525 2.93675 0.09695
10500.00000 0.19418 2.93083 0.09926
10510.00000 0.19052 2.93113 0.09668
10520.00000 0.17872 2.92978 0.10621
10530.00000 0.17580 2.92860 0.11152
10540.00000 0.18615 2.93257 0.10666
10550.00000 0.18953 2.93509 0.09397
10560.00000 0.19303 2.93143 0.09123
10570.00000 0.18474 2.92864 0.10091
10580.00000 0.17813 2.92902 0.11628
10590.00000 0.18330 2.93081 0.10813
10600.00000 0.18318 2.93593 0.09599
10610.00000 0.19411 2.93309 0.09286
10620.00000 0.19464 2.93010 0.09741
10630.00000 0.18208 2.92964 0.10792
10640.00000 0.17778 2.92850 0.10611
10650.00000 0.18355 2.93273 0.10078
10660.00000 0.18798 2.93441 0.09941
10670.00000 0.19359 2.93288 0.09525
10680.00000 0.18564 2.92784 0.09935
10690.00000 0.17807 2.92925 0.11281
10700.00000 0.18062 2.93182 0.11121
10710.00000 0.18293 2.93472 0.09761
10720.00000 0.19271 2.93126 0.09491
10730.00000 0.19447 2.93143 0.09442
10740.00000 0.18105 2.92859 0.10422
10750.00000 0.17913 2.92872 0.11175
10760.00000 0.18536 2.93370 0.10262
10770.00000 0.18703 2.93465 0.10005
10780.00000 0.19273 2.93264 0.09330
10790.00000 0.18702 2.92899 0.10106
10800.00000 0.17742 2.92864 0.11304
10810.00000 0.18153 2.92965 0.10787
10820.00000 0.18493 2.93510 0.09778
10830.00000 0.19111 2.93347 0.09500
10840.00000 0.19281 2.93097 0.09679
10850.00000 0.18267 2.92932 0.10636
10860.00000 0.17646 2.92922 0.10849
10870.00000 0.18598 2.93166 0.10482
10880.00000 0.18847 2.93537 0.09896
10890.00000 0.19084 2.93233 0.09279
10900.00000 0.19053 2.92903 0.09644
10910.00000 0.17896 2.92912 0.10968
10920.00000 0.18227 2.93067 0.11278
10930.00000 0.18346 2.93444 0.09541
10940.00000 0.19006 2.93306 0.09556
10950.00000 0.19227 2.93095 0.09633
10960.00000 0.18150 2.92878 0.10907
10970.00000 0.17681 2.92909 0.10975
10980.00000 0.18264 2.93241 0.10182
10990.00000 0.18736 2.93386 0.09868
11000.00000 0.19551 2.93270 0.09266
11010.00000 0.19060 2.93029 0.09795
11020.00000 0.18092 2.92737 0.10594
11030.00000 0.17740 2.93153 0.11617
11040.00000 0.18494 2.93348 0.10016
11050.00000 0.19122 2.93251 0.09788
11060.00000 0.19303 2.93206 0.09100
11070.00000 0.17932 2.92847 0.10343
11080.00000 0.17926 2.92864 0.11046
11090.00000 0.18674 2.93129 0.11116
11100.00000 0.18526 2.93545 0.09014
11110.00000 0.19425 2.93404 0.09418
11120.00000 0.19199 2.92986 0.09749
11130.00000 0.17953 2.92983 0.11630
11140.00000 0.17764 2.92867 0.10318
11150.00000 0.18485 2.93378 0.10252
11160.00000 0.18965 2.93319 0.09510
11170.00000 0.19390 2.93135 0.09615
11180.00000 0.18615 2.92990 0.10108
11190.00000 0.17688 2.92808 0.10862
11200.00000 0.17875 2.93023 0.11157
11210.00000 0.18551 2.93636 0.09915
11220.00000 0.19302 2.93154 0.09457
11230.00000 0.18871 2.92877 0.09314
11240.00000 0.18098 2.93043 0.10862
11250.00000 0.17916 2.93034 0.11359
11260.00000 0.18526 2.93215 0.10235
11270.00000 0.18995 2.93389 0.09445
11280.00000 0.19176 2.93378 0.09346
11290.00000 0.18821 2.92739 0.10004
11300.00000 0.18020 2.92901 0.11145
11310.00000 0.17990 2.93207 0.10452
11320.00000 0.18176 2.93568 0.09957
11330.00000 0.19047 2.93188 0.09673
11340.00000 0.19292 2.93133 0.10049
11350.00000 0.18110 2.92979 0.10584
11360.00000 0.17683 2.92865 0.10738
11370.00000 0.18472 2.93179 0.10489
11380.00000 0.18979 2.93529 0.09905
11390.00000 0.19181 2.93255 0.09262
11400.00000 0.18562 2.92926 0.09444
11410.00000 0.18054 2.92852 0.11069
11420.00000 0.18404 2.93141 0.11589
11430.00000 0.18293 2.93511 0.09730
11440.00000 0.19225 2.93204 0.08951
11450.00000 0.19506 2.93139 0.09686
11460.00000 0.18290 2.93007 0.10964
11470.00000 0.17832 2.92715 0.10605
11480.00000 0.18007 2.93239 0.09880
11490.00000 0.18383 2.93605 0.10174
11500.00000 0.19503 2.93122 0.09705
11510.00000 0.18914 2.92842 0.09802
11520.00000 0.17825 2.93016 0.10888
11530.00000 0.17760 2.93106 0.11275
11540.00000 0.18336 2.93295 0.10149
11550.00000 0.19035 2.93239 0.09529
11560.00000 0.19434 2.93005 0.08910
11570.00000 0.18318 2.92859 0.10396
11580.00000 0.18070 2.93086 0.11203
11590.00000 0.18460 2.93333 0.10459
11600.00000 0.18427 2.93294 0.10082
11610.00000 0.19299 2.93239 0.09126
11620.00000 0.18868 2.92945 0.10177
11630.00000 0.18283 2.92906 0.10755
11640.00000 0.17927 2.93015 0.10534
11650.00000 0.18038 2.93512 0.09828
11660.00000 0.18842 2.93271 0.09762
11670.00000 0.19314 2.93071 0.10033
11680.00000 0.18314 2.92974 0.10397
11690.00000 0.17631 2.92952 0.10787
11700.00000 0.18431 2.93157 0.11061
11710.00000 0.18934 2.93462 0.09681
11720.00000 0.19058 2.93108 0.09553
11730.00000 0.18920 2.92960 0.09359
11740.00000 0.18062 2.92970 0.10789
11750.00000 0.18338 2.93000 0.11201
11760.00000 0.18494 2.93481 0.09903
11770.00000 0.18733 2.93320 0.09248
11780.00000 0.19145 2.93052 0.09479
11790.00000 0.18348 2.92915 0.11380
11800.00000 0.17975 2.92913 0.10533
11810.00000 0.18362 2.93178 0.10152
11820.00000 0.18614 2.93376 0.09539
11830.00000 0.19387 2.93264 0.09949
11840.00000 0.19051 2.93008 0.10048
11850.00000 0.17758 2.92732 0.10534
11860.00000 0.17607 2.93171 0.11570
11870.00000 0.18543 2.93439 0.10072
11880.00000 0.19098 2.93185 0.09787
11890.00000 0.19109 2.93094 0.08838
11900.00000 0.18504 2.92957 0.10102
11910.00000 0.18230 2.92836 0.11422
11920.00000 0.18541 2.93210 0.10766
11930.00000 0.18392 2.93478 0.09430
11940.00000 0.19309 2.93327 0.09353
11950.00000 0.18923 2.92841 0.10044
11960.00000 0.18205 2.92991 0.11564
11970.00000 0.17749 2.92965 0.09943
11980.00000 0.18074 2.93374 0.10210
11990.00000 0.19120 2.93160 0.09599
12000.00000 0.19417 2.93264 0.09924
12010.00000 0.18424 2.92975 0.10071
12020.00000 0.17873 2.92751 0.10771
12030.00000 0.18038 2.93279 0.11415
12040.00000 0.18583 2.93545 0.09634
12050.00000 0.19298 2.92950 0.09874
12060.00000 0.18931 2.93083 0.08710
12070.00000 0.18242 2.93071 0.10936
12080.00000 0.18405 2.92778 0.10761
12090.00000 0.18498 2.93398 0.10651
12100.00000 0.18656 2.93437 0.08831
12110.00000 0.19263 2.93095 0.09526
12120.00000 0.18661 2.92897 0.10510
12130.00000 0.18178 2.93023 0.11106
12140.00000 0.18047 2.93112 0.09911
12150.00000 0.18254 2.93297 0.10209
12160.00000 0.19273 2.93298 0.09941
12170.00000 0.18933 2.93027 0.10006
12180.00000 0.17878 2.92748 0.10382
12190.00000 0.17898 2.92995 0.11077
12200.00000 0.18551 2.93456 0.09960
12210.00000 0.18756 2.93316 0.09859
12220.00000 0.19180 2.93032 0.09205
12230.00000 0.18547 2.92988 0.10047
12240.00000 0.17791 2.93058 0.11488
12250.00000 0.18581 2.93111 0.11186
12260.00000 0.18514 2.93403 0.09780
12270.00000 0.19129 2.93288 0.09026
12280.00000 0.19230 2.92868 0.10053
12290.00000 0.18144 2.92886 0.10527
12300.00000 0.17797 2.93020 0.10861
12310.00000 0.17977 2.93471 0.09494
12320.00000 0.19039 2.93206 0.10454
12330.00000 0.19145 2.93108 0.09566
12340.00000 0.18461 2.93066 0.10298
12350.00000 0.17860 2.92857 0.10738
12360.00000 0.18522 2.93133 0.11227
12370.00000 0.18919 2.93578 0.09363
12380.00000 0.19156 2.93153 0.09563
12390.00000 0.19022 2.92912 0.09336
12400.00000 0.17883 2.92994 0.10880
12410.00000 0.18126 2.93085 0.11117
12420.00000 0.18481 2.93321 0.10573
12430.00000 0.18751 2.93306 0.09119
12440.00000 0.19282 2.93121 0.09236
12450.00000 0.18742 2.92846 0.10815
12460.00000 0.18067 2.92834 0.10505
12470.00000 0.18209 2.93224 0.10350
12480.00000 0.18317 2.93408 0.09644
12490.00000 0.19413 2.93290 0.09958
12500.00000 0.18792 2.92941 0.10178
12510.00000 0.17746 2.92905 0.10429
12520.00000 0.18009 2.93078 0.11391
12530.00000 0.18584 2.93286 0.09952
12540.00000 0.19016 2.93258 0.09633
12550.00000 0.19506 2.93238 0.08974
12560.00000 0.18820 2.92834 0.10064
12570.00000 0.17850 2.92943 0.11118
12580.00000 0.18210 2.93341 0.10907
12590.00000 0.18507 2.93360 0.10010
12600.00000 0.19189 2.93074 0.09338
12610.00000 0.18737 2.93077 0.09785
12620.00000 0.18494 2.92931 0.10629
12630.00000 0.18152 2.92778 0.10789
12640.00000 0.18152 2.93605 0.09978
12650.00000 0.18941 2.93282 0.09728
12660.00000 0.19209 2.93080 0.09598
12670.00000 0.18583 2.93080 0.10633
12680.00000 0.17806 2.92940 0.10783
12690.00000 0.18140 2.93083 0.10967
12700.00000 0.18736 2.93397 0.09719
12710.00000 0.19375 2.93132 0.09960
12720.00000 0.18847 2.93099 0.08619
12730.00000 0.18201 2.92823 0.10739
12740.00000 0.18365 2.92934 0.10771
12750.00000 0.18632 2.93480 0.10720
12760.00000 0.18608 2.93399 0.09085
12770.00000 0.19164 2.93081 0.09574
12780.00000 0.18555 2.92950 0.10949
12790.00000 0.17935 2.92973 0.11014
12800.00000 0.18162 2.93005 0.10419
12810.00000 0.18204 2.93363 0.09368
12820.00000 0.19257 2.93344 0.09912
12830.00000 0.19031 2.92941 0.09769
12840.00000 0.17882 2.92753 0.10574
12850.00000 0.17959 2.93124 0.11033
12860.00000 0.18097 2.93564 0.10304
12870.00000 0.18864 2.93148 0.09876
12880.00000 0.19728 2.92962 0.09637
12890.00000 0.18358 2.93137 0.09672
12900.00000 0.17954 2.92837 0.11391
12910.00000 0.18358 2.93063 0.10373
12920.00000 0.18531 2.93651 0.09838
12930.00000 0.19085 2.93233 0.09127
12940.00000 0.18880 2.92699 0.09944
12950.00000 0.18153 2.93047 0.11132
12960.00000 0.17850 2.93193 0.10840
12970.00000 0.18294 2.93288 0.10263
12980.00000 0.18955 2.93125 0.09536
12990.00000 0.19207 2.93340 0.09836
13000.00000 0.18835 2.93046 0.10172
13010.00000 0.17711 2.92709 0.10594
13020.00000 0.17980 2.93169 0.10889
13030.00000 0.19111 2.93545 0.09808
13040.00000 0.19223 2.93157 0.10067
13050.00000 0.18710 2.93074 0.09064
13060.00000 0.17895 2.93036 0.10910
13070.00000 0.18198 2.92911 0.11151
13080.00000 0.18857 2.93096 0.10409
13090.00000 0.18712 2.93516 0.09395
13100.00000 0.19188 2.93357 0.08988
13110.00000 0.18782 2.92790 0.10510
13120.00000 0.17872 2.92892 0.11030
13130.00000 0.18025 2.93175 0.10640
13140.00000 0.18227 2.93383 0.09388
13150.00000 0.19311 2.93205 0.09767
13160.00000 0.19149 2.93100 0.09858
13170.00000 0.18131 2.92844 0.10268
13180.00000 0.17902 2.92893 0.10944
13190.00000 0.18096 2.93383 0.10138
13200.00000 0.18689 2.93381 0.09923
13210.00000 0.19602 2.93114 0.09353
13220.00000 0.18532 2.92906 0.09664
13230.00000 0.17782 2.92989 0.11223
13240.00000 0.18268 2.93156 0.11260
13250.00000 0.18490 2.93450 0.09736
13260.00000 0.19235 2.93108 0.09393
13270.00000 0.19051 2.93012 0.09679
13280.00000 0.18359 2.92965 0.10922
13290.00000 0.17842 2.92884 0.10439
13300.00000 0.18177 2.93408 0.10187
13310.00000 0.18619 2.93377 0.09743
13320.00000 0.19246 2.93193 0.09621
13330.00000 0.18882 2.93002 0.10412
13340.00000 0.17744 2.92941 0.10500
13350.00000 0.17962 2.93057 0.11223
13360.00000 0.19154 2.93242 0.09722
13370.00000 0.19292 2.93274 0.10094
13380.00000 0.18826 2.93192 0.08891
13390.00000 0.18274 2.92780 0.10685
13400.00000 0.17863 2.93007 0.10811
13410.00000 0.18461 2.93259 0.10993
13420.00000 0.18690 2.93368 0.09337
13430.00000 0.19150 2.93212 0.09148
13440.00000 0.19026 2.93019 0.10231
13450.00000 0.18120 2.92852 0.10963
13460.00000 0.18175 2.92903 0.10618
13470.00000 0.18409 2.93489 0.09472
13480.00000 0.19009 2.93365 0.10035
13490.00000 0.19030 2.93039 0.09768
13500.00000 0.18230 2.92847 0.10466
13510.00000 0.17638 2.93009 0.10994
13520.00000 0.18260 2.93161 0.10713
13530.00000 0.18714 2.93402 0.09704
13540.00000 0.19456 2.93193 0.09334
13550.00000 0.18940 2.92937 0.09377
13560.00000 0.17777 2.92751 0.11208
13570.00000 0.18306 2.93121 0.11077
13580.00000 0.18419 2.93632 0.09747
13590.00000 0.19048 2.93151 0.09676
13600.00000 0.19302 2.93004 0.09463
13610.00000 0.18229 2.93065 0.10891
13620.00000 0.17834 2.92780 0.10802
13630.00000 0.18353 2.93035 0.10512
13640.00000 0.18471 2.93583 0.09326
13650.00000 0.19491 2.93322 0.09681
13660.00000 0.19243 2.92883 0.10068
13670.00000 0.17697 2.92910 0.10760
13680.00000 0.17611 2.93131 0.11320
13690.00000 0.18663 2.93097 0.10277
13700.00000 0.19338 2.93307 0.10151
13710.00000 0.19182 2.93283 0.08623
13720.00000 0.18488 2.92883 0.09845
13730.00000 0.18129 2.92818 0.10768
13740.00000 0.18682 2.93141 0.11345
13750.00000 0.18581 2.93520 0.09276
13760.00000 0.18969 2.93290 0.08944
13770.00000 0.19255 2.93031 0.09962
13780.00000 0.18315 2.93041 0.11326
13790.00000 0.17935 2.92887 0.10650
13800.00000 0.18110 2.93216 0.09510
13810.00000 0.18999 2.93332 0.10178
13820.00000 0.19154 2.93209 0.09655
13830.00000 0.18658 2.92826 0.09843
13840.00000 0.17718 2.92815 0.10881
13850.00000 0.18060 2.93351 0.10940
13860.00000 0.18328 2.93482 0.10147
13870.00000 0.19259 2.93034 0.09481
13880.00000 0.19196 2.93102 0.09191
13890.00000 0.18041 2.92940 0.10665
13900.00000 0.18340 2.92999 0.11572
13910.00000 0.18425 2.93349 0.09730
13920.00000 0.18668 2.93281 0.09771
13930.00000 0.19168 2.93196 0.09426
13940.00000 0.18660 2.92850 0.10464
13950.00000 0.17841 2.92937 0.10868
13960.00000 0.18114 2.93179 0.10631
13970.00000 0.18237 2.93486 0.09736
13980.00000 0.19206 2.93230 0.09432
13990.00000 0.19149 2.92965 0.10253
14000.00000 0.18098 2.92986 0.10447
14010.00000 0.17944 2.92911 0.11224
14020.00000 0.18779 2.93167 0.09776
14030.00000 0.18806 2.93538 0.10324
14040.00000 0.19129 2.93234 0.09080
14050.00000 0.18433 2.92723 0.10218
14060.00000 0.17770 2.93106 0.10816
14070.00000 0.18516 2.93111 0.11510
14080.00000 0.18727 2.93282 0.09187
14090.00000 0.19130 2.93358 0.09383
14100.00000 0.19146 2.93084 0.09693
14110.00000 0.18188 2.92723 0.11036
14120.00000 0.17688 2.92957 0.10798
14130.00000 0.18249 2.93484 0.09997
14140.00000 0.18923 2.93227 0.09895
14150.00000 0.19299 2.93176 0.09426
14160.00000 0.18920 2.93114 0.09994
14170.00000 0.17866 2.92804 0.10748
14180.00000 0.18069 2.93033 0.11566
14190.00000 0.18574 2.93519 0.09689
14200.00000 0.19163 2.93253 0.09701
14210.00000 0.19126 2.92969 0.08934
14220.00000 0.17817 2.92885 0.10823
14230.00000 0.18089 2.93065 0.11180
14240.00000 0.18486 2.93208 0.10843
14250.00000 0.18612 2.93279 0.09167
14260.00000 0.19636 2.93277 0.09340
14270.00000 0.18967 2.92901 0.10189
14280.00000 0.18061 2.92824 0.11271
14290.00000 0.18007 2.93002 0.10092
14300.00000 0.18094 2.93552 0.09794
14310.00000 0.19232 2.93294 0.09791
14320.00000 0.19283 2.92991 0.09923
14330.00000 0.17983 2.92932 0.10519
14340.00000 0.17777 2.93002 0.11008
14350.00000 0.18293 2.93062 0.10841
14360.00000 0.19078 2.93326 0.09763
14370.00000 0.19274 2.93336 0.08960
14380.00000 0.18777 2.92821 0.09386
14390.00000 0.18175 2.92930 0.11080
14400.00000 0.17945 2.93234 0.11314
14410.00000 0.18445 2.93365 0.10090
14420.00000 0.19014 2.93131 0.09330
14430.00000 0.19195 2.93204 0.09840
14440.00000 0.18488 2.92867 0.10418
14450.00000 0.18145 2.92845 0.10945
14460.00000 0.18288 2.93267 0.09646
14470.00000 0.18545 2.93420 0.10091
14480.00000 0.19115 2.93266 0.09534
14490.00000 0.18880 2.92956 0.10415
14500.00000 0.17740 2.92866 0.10658
14510.00000 0.17883 2.93173 0.11290
14520.00000 0.18794 2.93257 0.10180
14530.00000 0.19181 2.93132 0.09709
14540.00000 0.19008 2.93225 0.08771
14550.00000 0.18213 2.92819 0.10073
14560.00000 0.18439 2.92819 0.11218
14570.00000 0.18620 2.93397 0.10348
14580.00000 0.18283 2.93514 0.09736
14590.00000 0.19219 2.93149 0.09046
14600.00000 0.18928 2.92912 0.10443
14610.00000 0.17911 2.93027 0.10910
14620.00000 0.18209 2.92899 0.10857
14630.00000 0.18321 2.93315 0.09404
14640.00000 0.18978 2.93413 0.09957
14650.00000 0.19324 2.93095 0.09741
14660.00000 0.18112 2.92661 0.10379
14670.00000 0.17604 2.92994 0.11183
14680.00000 0.18180 2.93360 0.10601
14690.00000 0.18665 2.93314 0.10106
14700.00000 0.19373 2.93082 0.09071
14710.00000 0.18984 2.93073 0.09680
14720.00000 0.18003 2.92815 0.11012
14730.00000 0.18313 2.92906 0.11063
14740.00000 0.18497 2.93614 0.09618
14750.00000 0.19202 2.93284 0.09599
14760.00000 0.19056 2.93020 0.09745
14770.00000 0.18369 2.92910 0.10461
14780.00000 0.17853 2.93018 0.11196
14790.00000 0.18097 2.93167 0.10255
14800.00000 0.18625 2.93264 0.09795
14810.00000 0.19281 2.93336 0.09324
14820.00000 0.19027 2.92946 0.10075
14830.00000 0.17992 2.92746 0.10667
14840.00000 0.17947 2.93149 0.11216
14850.00000 0.18654 2.93477 0.09864
14860.00000 0.19017 2.93156 0.10051
14870.00000 0.18956 2.93109 0.08974
14880.00000 0.18419 2.93006 0.10396
14890.00000 0.18081 2.92913 0.10904
14900.00000 0.18635 2.93082 0.10891
14910.00000 0.18558 2.93474 0.09226
14920.00000 0.19235 2.93346 0.09237
14930.00000 0.18973 2.92828 0.10266
14940.00000 0.17754 2.92873 0.11253
14950.00000 0.17835 2.93043 0.10936
14960.00000 0.18160 2.93451 0.09710
14970.00000 0.19046 2.93158 0.09942
14980.00000 0.19301 2.93116 0.09518
14990.00000 0.18403 2.92961 0.10082
15000.00000 0.17973 2.92835 0.11011
15010.00000 0.18363 2.93172 0.10848
15020.00000 0.18644 2.93602 0.09788
15030.00000 0.19297 2.93146 0.09226
15040.00000 0.18902 2.92819 0.09675
15050.00000 0.17879 2.93025 0.11192
15060.00000 0.18287 2.93124 0.11036
15070.00000 0.18379 2.93324 0.09962
15080.00000 0.19102 2.93216 0.09356
15090.00000 0.19155 2.93196 0.09667
15100.00000 0.18409 2.92810 0.10534
15110.00000 0.17824 2.92841 0.11126
15120.00000 0.18112 2.93370 0.10165
15130.00000 0.18432 2.93428 0.09893
15140.00000 0.19382 2.93158 0.09599
15150.00000 0.18931 2.93049 0.09995
15160.00000 0.17856 2.92923 0.10698
15170.00000 0.18071 2.92992 0.11319
15180.00000 0.18898 2.93231 0.09983
15190.00000 0.19172 2.93372 0.09802
15200.00000 0.19154 2.93186 0.08830
15210.00000 0.18313 2.92721 0.10394
15220.00000 0.17833 2.93029 0.11116
15230.00000 0.18417 2.93222 0.10997
15240.00000 0.18620 2.93284 0.09479
15250.00000 0.19341 2.93328 0.09029
15260.00000 0.19009 2.93009 0.09947
15270.00000 0.18078 2.92772 0.11052
15280.00000 0.18111 2.92866 0.10704
15290.00000 0.18320 2.93529 0.09603
15300.00000 0.18771 2.93310 0.09956
15310.00000 0.19372 2.93090 0.09561
15320.00000 0.18379 2.92912 0.10358
15330.00000 0.17750 2.93035 0.11014
15340.00000 0.18145 2.93046 0.11013
15350.00000 0.18831 2.93401 0.09770
15360.00000 0.19362 2.93216 0.09240
15370.00000 0.19116 2.92970 0.09261
15380.00000 0.17976 2.92778 0.10789
15390.00000 0.18205 2.93127 0.11185
15400.00000 0.18355 2.93521 0.10104
15410.00000 0.18935 2.93117 0.09749
15420.00000 0.19055 2.93156 0.09502
15430.00000 0.18371 2.92982 0.10532
15440.00000 0.17907 2.92860 0.11183
15450.00000 0.18255 2.92997 0.10440
15460.00000 0.18445 2.93552 0.09490
15470.00000 0.19312 2.93343 0.09407
15480.00000 0.19155 2.92779 0.10140
15490.00000 0.17814 2.92916 0.10678
15500.00000 0.17974 2.93204 0.11346
15510.00000 0.18592 2.93238 0.09994
15520.00000 0.19089 2.93232 0.10073
15530.00000 0.19039 2.93222 0.09043
15540.00000 0.18572 2.92863 0.10136
15550.00000 0.18046 2.92754 0.10988
15560.00000 0.18490 2.93307 0.10724
15570.00000 0.18360 2.93572 0.09491
15580.00000 0.19235 2.93176 0.09272
15590.00000 0.18889 2.92875 0.10388
15600.00000 0.17720 2.93025 0.11229
15610.00000 0.17991 2.92957 0.11149
15620.00000 0.18448 2.93337 0.09366
15630.00000 0.19289 2.93246 0.09928
15640.00000 0.19511 2.93248 0.09385
15650.00000 0.19035 2.93064 0.10055
15660.00000 0.17852 2.92784 0.10481
15670.00000 0.17698 2.93255 0.11630
15680.00000 0.18727 2.93271 0.10355
15690.00000 0.19308 2.93111 0.09702
15700.00000 0.18866 2.93130 0.08681
15710.00000 0.17876 2.93005 0.10505
15720.00000 0.18542 2.92908 0.10945
15730.00000 0.18641 2.93030 0.10351
15740.00000 0.18873 2.93428 0.09343
15750.00000 0.19224 2.93398 0.08926
15760.00000 0.18925 2.93008 0.10230
15770.00000 0.18304 2.92937 0.11068
15780.00000 0.17990 2.92921 0.10968
15790.00000 0.18195 2.93351 0.09321
15800.00000 0.19145 2.93234 0.09992
15810.00000 0.19245 2.93026 0.09670
15820.00000 0.18131 2.92928 0.10626
15830.00000 0.17883 2.92757 0.10346
15840.00000 0.17860 2.93237 0.10349
15850.00000 0.18435 2.93560 0.10216
15860.00000 0.19442 2.93038 0.09485
15870.00000 0.18684 2.92821 0.09591
15880.00000 0.18136 2.93179 0.10805
15890.00000 0.18030 2.93114 0.11426
15900.00000 0.18588 2.93149 0.10118
15910.00000 0.18847 2.93225 0.09169
15920.00000 0.19027 2.93179 0.09518
15930.00000 0.18741 2.92677 0.10369
15940.00000 0.17955 2.93189 0.10827
15950.00000 0.18052 2.93360 0.10023
15960.00000 0.18270 2.93090 0.10242
15970.00000 0.19121 2.93242 0.09839
15980.00000 0.18827 2.93057 0.10539
15990.00000 0.17930 2.92834 0.10504
16000.00000 0.18121 2.92997 0.10466
16010.00000 0.19023 2.93504 0.09541
16020.00000 0.18846 2.93237 0.10031
16030.00000 0.18674 2.92950 0.09424
16040.00000 0.18153 2.92978 0.10436
16050.00000 0.18169 2.93044 0.11067
16060.00000 0.18803 2.93170 0.10564
16070.00000 0.18535 2.93387 0.09922
16080.00000 0.19164 2.93139 0.09043
16090.00000 0.19098 2.92810 0.10427
16100.00000 0.17948 2.92868 0.10255
16110.00000 0.18278 2.93166 0.10748
16120.00000 0.18273 2.93453 0.09276
16130.00000 0.19061 2.93267 0.10025
16140.00000 0.18956 2.92983 0.09853
16150.00000 0.18149 2.92889 0.10394
16160.00000 0.17954 2.93049 0.11256
16170.00000 0.18869 2.93090 0.10678
16180.00000 0.18873 2.93471 0.09601
16190.00000 0.19164 2.93186 0.09186
16200.00000 0.18931 2.92690 0.09512
16210.00000 0.17516 2.92992 0.11575
16220.00000 0.18222 2.93246 0.11070
16230.00000 0.18269 2.93334 0.09743
16240.00000 0.19113 2.93254 0.09298
16250.00000 0.19104 2.92982 0.09578
16260.00000 0.18417 2.92916 0.10943
16270.00000 0.18303 2.92808 0.10382
16280.00000 0.18274 2.93355 0.10527
16290.00000 0.18614 2.93360 0.09438
16300.00000 0.19754 2.93291 0.09748
16310.00000 0.18468 2.92784 0.10109
16320.00000 0.17566 2.92923 0.11239
16330.00000 0.18035 2.93186 0.10791
16340.00000 0.18674 2.93267 0.09883
16350.00000 0.19207 2.93192 0.09662
16360.00000 0.19060 2.93198 0.09137
16370.00000 0.18642 2.92740 0.10366
16380.00000 0.18105 2.92977 0.11213
16390.00000 0.18138 2.93522 0.10608
16400.00000 0.18734 2.93302 0.09561
16410.00000 0.19194 2.93144 0.09373
16420.00000 0.18607 2.92920 0.10280
16430.00000 0.18053 2.93040 0.11167
16440.00000 0.18285 2.92952 0.10225
16450.00000 0.18553 2.93427 0.10126
16460.00000 0.18991 2.93357 0.09532
16470.00000 0.19010 2.93040 0.09958
16480.00000 0.18093 2.92674 0.10242
16490.00000 0.17765 2.93187 0.11752
16500.00000 0.18320 2.93338 0.09962
16510.00000 0.18822 2.93193 0.09892
16520.00000 0.19353 2.93253 0.09062
16530.00000 0.18657 2.93047 0.09847
16540.00000 0.17886 2.92733 0.11041
16550.00000 0.18621 2.93001 0.10995
16560.00000 0.18648 2.93672 0.09699
16570.00000 0.19173 2.93326 0.09657
16580.00000 0.19144 2.92971 0.09419
16590.00000 0.17973 2.92868 0.11094
16600.00000 0.17833 2.93023 0.11185
16610.00000 0.18209 2.93280 0.10263
16620.00000 0.18818 2.93303 0.09383
16630.00000 0.19536 2.93271 0.09251
16640.00000 0.18834 2.93014 0.10215
16650.00000 0.17654 2.92727 0.10694
16660.00000 0.18193 2.93059 0.11401
16670.00000 0.18577 2.93639 0.09597
16680.00000 0.19259 2.93180 0.10016
16690.00000 0.19416 2.93011 0.08707
16700.00000 0.18108 2.93039 0.10515
16710.00000 0.18014 2.93006 0.11102
16720.00000 0.18529 2.93106 0.10894
16730.00000 0.18841 2.93438 0.09138
16740.00000 0.19283 2.93354 0.09271
16750.00000 0.18813 2.92794 0.10342
16760.00000 0.17805 2.92881 0.11117
16770.00000 0.17973 2.93100 0.10858
16780.00000 0.18221 2.93512 0.09789
16790.00000 0.19332 2.93201 0.09687
16800.00000 0.19211 2.93116 0.09486
16810.00000 0.18643 2.93072 0.10177
16820.00000 0.17748 2.92867 0.11056
16830.00000 0.18343 2.93048 0.11161
16840.00000 0.18828 2.93614 0.09528
16850.00000 0.19216 2.93287 0.09463
16860.00000 0.18787 2.92700 0.09228
16870.00000 0.17826 2.92998 0.11586
16880.00000 0.18390 2.93135 0.11135
16890.00000 0.18520 2.93291 0.09794
16900.00000 0.19075 2.93332 0.09059
16910.00000 0.19270 2.93294 0.09257
16920.00000 0.18780 2.92799 0.10791
16930.00000 0.17931 2.92738 0.10641
16940.00000 0.18176 2.93364 0.10582
16950.00000 0.18104 2.93411 0.09701
16960.00000 0.19487 2.93141 0.09735
16970.00000 0.18899 2.93017 0.09829
16980.00000 0.17936 2.92868 0.10837
16990.00000 0.17965 2.93001 0.11105
17000.00000 0.18204 2.93398 0.09937
17010.00000 0.18990 2.93221 0.09786
17020.00000 0.19280 2.93103 0.09104
17030.00000 0.18388 2.92862 0.10348
17040.00000 0.18087 2.93003 0.11041
17050.00000 0.18366 2.93270 0.11053
17060.00000 0.18486 2.93417 0.09891
17070.00000 0.19213 2.93238 0.09135
17080.00000 0.18948 2.92906 0.09762
17090.00000 0.18186 2.92872 0.11077
17100.00000 0.18097 2.92934 0.10802
17110.00000 0.18259 2.93547 0.09661
17120.00000 0.18691 2.93329 0.09826
17130.00000 0.19330 2.93037 0.09929
17140.00000 0.18742 2.93172 0.10475
17150.00000 0.17825 2.93066 0.10261
17160.00000 0.17865 2.92987 0.11083
17170.00000 0.18958 2.93112 0.10404
17180.00000 0.19353 2.93339 0.09669
17190.00000 0.18903 2.93097 0.08596
17200.00000 0.18026 2.92916 0.10344
17210.00000 0.18240 2.93155 0.11270
17220.00000 0.18541 2.93014 0.10770
17230.00000 0.18846 2.93214 0.09492
17240.00000 0.19222 2.93442 0.08936
17250.00000 0.18852 2.92987 0.10103
17260.00000 0.18472 2.92801 0.11106
17270.00000 0.18054 2.92988 0.10512
17280.00000 0.18497 2.93220 0.09408
17290.00000 0.18718 2.93249 0.09982
17300.00000 0.19120 2.93312 0.09762
17310.00000 0.18035 2.92645 0.10908
17320.00000 0.17841 2.92901 0.10343
17330.00000 0.17652 2.93445 0.10632
17340.00000 0.18781 2.93108 0.09927
17350.00000 0.19503 2.92970 0.09789
17360.00000 0.18780 2.93232 0.09060
17370.00000 0.18385 2.92776 0.10719
17380.00000 0.17921 2.93063 0.10884
17390.00000 0.18277 2.93686 0.10300
17400.00000 0.18805 2.92820 0.09620
17410.00000 0.18804 2.92945 0.09891
17420.00000 0.18653 2.93291 0.10305
17430.00000 0.18362 2.92990 0.10675
17440.00000 0.17915 2.92901 0.10169
17450.00000 0.18344 2.93454 0.09948
17460.00000 0.18739 2.93120 0.09565
17470.00000 0.18882 2.92632 0.10383
17480.00000 0.18226 2.93262 0.10779
17490.00000 0.18060 2.93291 0.09912
17500.00000 0.18877 2.93091 0.09699
17510.00000 0.18794 2.93248 0.10365
17520.00000 0.18657 2.92991 0.10140
17530.00000 0.18445 2.92945 0.10094
17540.00000 0.18441 2.93040 0.10340
17550.00000 0.18755 2.93316 0.09950
17560.00000 0.18459 2.93404 0.09908
17570.00000 0.18724 2.93026 0.09437
17580.00000 0.18924 2.92793 0.10572
17590.00000 0.18008 2.93162 0.10423
17600.00000 0.18142 2.93462 0.11097
17610.00000 0.18427 2.93021 0.09374
17620.00000 0.19121 2.93310 0.09895
17630.00000 0.18414 2.93042 0.10075
17640.00000 0.18130 2.92575 0.10443
17650.00000 0.18398 2.93096 0.10541
17660.00000 0.18423 2.93821 0.10266
17670.00000 0.18781 2.93258 0.09792
17680.00000 0.19193 2.92921 0.09360
17690.00000 0.18614 2.93017 0.10467
17700.00000 0.17572 2.93034 0.11421
17710.00000 0.18401 2.93101 0.11067
17720.00000 0.18770 2.93499 0.09058
17730.00000 0.19352 2.93293 0.09361
17740.00000 0.18736 2.92677 0.09719
17750.00000 0.17955 2.92953 0.10987
17760.00000 0.18255 2.93145 0.10590
17770.00000 0.18024 2.93469 0.10634
17780.00000 0.18806 2.93284 0.09158
17790.00000 0.19503 2.93034 0.09536
17800.00000 0.18173 2.92754 0.10809
17810.00000 0.18127 2.93088 0.11256
17820.00000 0.18220 2.93273 0.10017
17830.00000 0.18628 2.93237 0.09498
17840.00000 0.19497 2.93430 0.09823
17850.00000 0.18778 2.93026 0.09668
17860.00000 0.17819 2.92565 0.10925
17870.00000 0.18027 2.93289 0.10912
17880.00000 0.18376 2.93639 0.10773
17890.00000 0.19349 2.92782 0.09410
17900.00000 0.19099 2.93305 0.09051
17910.00000 0.18378 2.92985 0.10308
17920.00000 0.17998 2.92674 0.11475
17930.00000 0.17998 2.93325 0.10702
17940.00000 0.18673 2.93578 0.09694
17950.00000 0.19356 2.93032 0.09187
17960.00000 0.18501 2.92961 0.10034
17970.00000 0.18118 2.92974 0.10763
17980.00000 0.18334 2.92857 0.11395
17990.00000 0.18490 2.93528 0.09567
18000.00000 0.19074 2.93296 0.09544
18010.00000 0.19489 2.93103 0.09323
18020.00000 0.18434 2.92920 0.10499
18030.00000 0.17462 2.92843 0.10994
18040.00000 0.18414 2.93179 0.10651
18050.00000 0.18672 2.93560 0.09996
18060.00000 0.19369 2.93072 0.09473
18070.00000 0.18883 2.92889 0.09525
18080.00000 0.17921 2.92950 0.10783
18090.00000 0.18304 2.92845 0.11317
18100.00000 0.18362 2.93476 0.09706
18110.00000 0.18912 2.93456 0.09570
18120.00000 0.19350 2.93003 0.09308
18130.00000 0.18293 2.92764 0.10770
18140.00000 0.17646 2.93081 0.11161
18150.00000 0.18463 2.93016 0.10672
18160.00000 0.18700 2.93345 0.09538
18170.00000 0.19674 2.93410 0.09484
18180.00000 0.19280 2.92926 0.09616
18190.00000 0.18128 2.92747 0.10399
18200.00000 0.17823 2.93186 0.11418
18210.00000 0.18496 2.93228 0.10625
18220.00000 0.18931 2.93320 0.09694
18230.00000 0.19053 2.93201 0.09130
18240.00000 0.18368 2.92858 0.10046
18250.00000 0.17923 2.92906 0.11011
18260.00000 0.18684 2.93033 0.11127
18270.00000 0.18605 2.93420 0.09399
18280.00000 0.19340 2.93349 0.09216
18290.00000 0.19210 2.93006 0.09552
18300.00000 0.18441 2.92916 0.11198
18310.00000 0.18093 2.92947 0.10568
18320.00000 0.17981 2.93389 0.10082
18330.00000 0.18642 2.93236 0.09604
18340.00000 0.19478 2.93123 0.09710
18350.00000 0.18491 2.92964 0.09844
18360.00000 0.18033 2.92813 0.11012
18370.00000 0.18281 2.93103 0.10819
18380.00000 0.18234 2.93554 0.10066
18390.00000 0.19154 2.93230 0.09289
18400.00000 0.19205 2.92895 0.09637
18410.00000 0.18037 2.92884 0.10590
18420.00000 0.17948 2.93227 0.11511
18430.00000 0.18330 2.93250 0.10390
18440.00000 0.18837 2.93141 0.09700
18450.00000 0.19100 2.93390 0.09042
18460.00000 0.18881 2.92747 0.09846
18470.00000 0.18216 2.92769 0.11179
18480.00000 0.18156 2.93354 0.10496
18490.00000 0.18002 2.93597 0.09855
18500.00000 0.19087 2.93128 0.09410
18510.00000 0.19132 2.93077 0.10335
18520.00000 0.18053 2.93011 0.10742
18530.00000 0.17767 2.92875 0.10797
18540.00000 0.18703 2.93137 0.10265
18550.00000 0.18848 2.93477 0.09938
18560.00000 0.19077 2.93280 0.09066
18570.00000 0.18556 2.92791 0.09993
18580.00000 0.17828 2.92907 0.10975
18590.00000 0.18319 2.93252 0.11608
18600.00000 0.18463 2.93447 0.09549
18610.00000 0.19342 2.93120 0.09388
18620.00000 0.19148 2.93142 0.09382
18630.00000 0.18420 2.92899 0.10872
18640.00000 0.17944 2.92787 0.10826
18650.00000 0.18283 2.93431 0.09854
18660.00000 0.18725 2.93491 0.09935
18670.00000 0.19332 2.93165 0.09367
18680.00000 0.18704 2.92850 0.10115
18690.00000 0.17770 2.92980 0.10900
18700.00000 0.18085 2.93147 0.11630
18710.00000 0.18519 2.93347 0.09780
18720.00000 0.19184 2.93195 0.09500
18730.00000 0.19278 2.93055 0.08850
18740.00000 0.17814 2.92741 0.10826
18750.00000 0.18014 2.92981 0.11264
18760.00000 0.18545 2.93461 0.10526
18770.00000 0.18651 2.93411 0.09458
18780.00000 0.19500 2.93183 0.09336
18790.00000 0.19034 2.93000 0.09720
18800.00000 0.18150 2.92913 0.11189
18810.00000 0.18144 2.92899 0.10679
18820.00000 0.18203 2.93593 0.09883
18830.00000 0.19211 2.93349 0.09394
18840.00000 0.19191 2.92873 0.09756
18850.00000 0.17767 2.92844 0.10792
18860.00000 0.17811 2.93048 0.11368
18870.00000 0.18405 2.93273 0.10368
18880.00000 0.18783 2.93317 0.09902
18890.00000 0.19396 2.93289 0.09092
18900.00000 0.18938 2.93047 0.09698
18910.00000 0.18021 2.92695 0.10735
18920.00000 0.18087 2.93078 0.11763
18930.00000 0.18625 2.93643 0.09659
18940.00000 0.19109 2.93252 0.09520
18950.00000 0.19143 2.93108 0.09286
18960.00000 0.18287 2.92915 0.10842
18970.00000 0.17722 2.92969 0.11383
18980.00000 0.18413 2.93060 0.10354
18990.00000 0.18750 2.93495 0.09564
19000.00000 0.19373 2.93360 0.09311
19010.00000 0.19158 2.92924 0.10150
19020.00000 0.17964 2.92832 0.10625
19030.00000 0.17676 2.93018 0.11341
19040.00000 0.18560 2.93361 0.10095
19050.00000 0.19157 2.93336 0.09915
19060.00000 0.19204 2.93134 0.08749
19070.00000 0.18239 2.92953 0.10031
19080.00000 0.18102 2.92894 0.11115
19090.00000 0.18645 2.92968 0.11395
19100.00000 0.18308 2.93669 0.09086
19110.00000 0.19377 2.93387 0.09323
19120.00000 0.19473 2.92845 0.09664
19130.00000 0.17887 2.92958 0.11729
19140.00000 0.17802 2.92990 0.10518
19150.00000 0.18132 2.93276 0.10043
19160.00000 0.18955 2.93332 0.09483
19170.00000 0.19434 2.93213 0.09695
19180.00000 0.18757 2.92937 0.09646
19190.00000 0.17876 2.92781 0.10828
19200.00000 0.17886 2.93154 0.11505
19210.00000 0.18305 2.93529 0.10083
19220.00000 0.19292 2.93153 0.09498
19230.00000 0.19229 2.92953 0.08816
19240.00000 0.18017 2.93024 0.10786
19250.00000 0.18313 2.93085 0.11323
19260.00000 0.18591 2.93168 0.10466
19270.00000 0.18749 2.93336 0.09152
19280.00000 0.19149 2.93367 0.09385
19290.00000 0.19046 2.92837 0.09958
19300.00000 0.18247 2.92894 0.10889
19310.00000 0.18189 2.93227 0.10402
19320.00000 0.18016 2.93418 0.10289
19330.00000 0.18937 2.93196 0.09341
19340.00000 0.19331 2.93056 0.10103
19350.00000 0.18185 2.92955 0.10492
19360.00000 0.17668 2.92932 0.10997
19370.00000 0.18538 2.93209 0.10225
19380.00000 0.18949 2.93411 0.10170
19390.00000 0.18717 2.93160 0.08863
19400.00000 0.18559 2.92871 0.09655
19410.00000 0.18307 2.92966 0.11004
19420.00000 0.18693 2.93244 0.11799
19430.00000 0.18212 2.93519 0.09331
19440.00000 0.19072 2.93142 0.09054
19450.00000 0.19317 2.93017 0.09609
19460.00000 0.18187 2.92910 0.11351
19470.00000 0.18082 2.92791 0.10701
19480.00000 0.18096 2.93462 0.09525
19490.00000 0.18431 2.93514 0.10058
19500.00000 0.19474 2.92986 0.09892
19510.00000 0.18902 2.93092 0.10194
19520.00000 0.17709 2.93044 0.10264
19530.00000 0.17972 2.92895 0.11520
19540.00000 0.18758 2.93179 0.10327
19550.00000 0.19104 2.93435 0.09426
19560.00000 0.19305 2.93034 0.08455
19570.00000 0.18029 2.92842 0.09854
19580.00000 0.18394 2.93288 0.11512
19590.00000 0.18848 2.92923 0.11146
19600.00000 0.18576 2.93237 0.09339
19610.00000 0.19227 2.93610 0.08828
19620.00000 0.19169 2.92841 0.09813
19630.00000 0.18848 2.92739 0.10935
19640.00000 0.17834 2.93145 0.10326
19650.00000 0.18303 2.93296 0.09957
19660.00000 0.18721 2.93157 0.09615
19670.00000 0.19084 2.93307 0.10237
19680.00000 0.17937 2.92726 0.10660
19690.00000 0.17555 2.92746 0.10903
19700.00000 0.17922 2.93450 0.10343
19710.00000 0.18844 2.93202 0.10147
19720.00000 0.19301 2.92997 0.09076
19730.00000 0.19172 2.93169 0.08918
19740.00000 0.18306 2.92882 0.10647
19750.00000 0.18175 2.93163 0.11428
19760.00000 0.18172 2.93547 0.10568
19770.00000 0.18857 2.92962 0.09542
19780.00000 0.19101 2.93044 0.09948
19790.00000 0.18505 2.93122 0.10274
19800.00000 0.18572 2.92898 0.11062
19810.00000 0.18063 2.93124 0.09370
19820.00000 0.18351 2.93470 0.10166
19830.00000 0.18970 2.93094 0.09440
19840.00000 0.18917 2.92919 0.10470
19850.00000 0.17907 2.93115 0.10529
19860.00000 0.18010 2.93117 0.11538
19870.00000 0.18804 2.93140 0.09993
19880.00000 0.18960 2.93264 0.10075
19890.00000 0.19035 2.93057 0.08680
19900.00000 0.18372 2.92799 0.09920
19910.00000 0.18775 2.93098 0.10414
19920.00000 0.18966 2.93259 0.10975
19930.00000 0.18240 2.93277 0.09178
19940.00000 0.18720 2.93294 0.09101
19950.00000 0.18877 2.92885 0.10698
19960.00000 0.18329 2.92878 0.10318
19970.00000 0.18200 2.93244 0.10911
19980.00000 0.18227 2.93217 0.09459
19990.00000 0.19102 2.93172 0.10679
20000.00000 0.18764 2.93188 0.09343
